89513
89219
88680
88179
87654
87001
86931
86725
86533
86445
86339
86195
86147
86056
86112
86142
86098
86081
85751
85759
85732
85746
85714
85751
85724
85612
85654
85633
85570
85529
85487
85396
85402
85430
85372
85335
85338
85351
85347
85385
85385
85435
85452
85505
85502
85507
85483
85514
85484
85452
85454
85452
85514
85610
85693
85758
85844
86203
86543
86647
86704
93105
93481
93868
93987
94212
94426
94987
95175
95507
96729
96978
97830
98370
98955
99534
99790
100534
101148
101534
102021
102497
103122
103713
104212
104892
106084
107754
109792
110436
111030
111720
115890
117109
121240
123322
125350
127034
127971
128778
129529
132426
134716
135466
136335
138077
141023
141855
143830
148089
149211
149574
150283
152795
153691
155543
156458
159178
161032
162259
163180
164725
166664
167459
168288
173095
174154
175148
177327
177914
178725
178969
179204
179747
179772
179770
179839
179800
179895
179795
179798
179666
179594
179358
179079
179017
178819
178648
178562
178434
178451
178251
178140
178002
177742
177749
177310
177117
176829
176454
176029
175793
175242
174847
174786
174584
174350
174151
173758
173545
172908
172779
172557
172322
172068