360
420
480
600
720
1020
1080
1200
1380
1500
1620
1800
1860
2100
2220
2280
2400
2460
2880
2940
3000
3060
3120
3180
3240
3420
3480
3540
3780
3900
4080
4260
4380
4440
4560
4620
4680
4740
4800
4920
5040
5100
5280
5460
5580
5640
5700
5880
6000
6240
6300
6420
6480
6660
6720
6780
6840
7080
7320
7380
7440
10260
10380
10500
10560
10620
10680
10860
10920
10980
11220
11280
11460
11520
11640
11760
11820
11940
12060
12120
12180
12240
12300
12360
12420
12480
12600
12780
12960
13020
13080
13140
13380
13440
13680
13800
13920
14040
14100
14160
14220
14460
14640
14700
14760
14880
15060
15120
15240
15360
15420
15480
15540
15720
15780
15900
15960
16140
16260
16320
16380
16500
16620
16680
16740
17100
17160
17220
17460
17520
17700
17760
17820
18060
18120
18180
18240
18480
18540
18720
18780
18840
18900
19020
19140
19200
19260
19380
19440
19500
19560
19620
19740
19800
19920
19980
20160
20340
20400
20580
20700
20760
20940
21000
21060
21120
21180
21240
21360
21420
21600
21660
21720
21780
21840